54.974458 21.053853
25.141474 21.039106
37.904369 21.182686
58.739979 73.265032
0.794910 2.671652
15.939187 92.798170
0.555504 0.215618
118584651605.380400 285222893943.085820
39991198361.760498 51483439378.423584
4232032286.480372 5429562108.125428
833.208900 759.161988
6.646180 9.764332
1.340058 0.552368
1.112392 0.411004
77.247777 19.403680
34.652883 24.579369
54.422193 22.996857
121.792166 132.245388
-0.258305 5.619128
39.677455 484.380312
0.585456 0.198138
214572682243.139100 500019401947.779660
78886895531.953613 91933808605.102615
11153777794.272432 16674661477.893530
1086.261889 851.716146
8.801763 29.141663
1.270893 0.499383
1.141210 0.486358
