-0.3203 -0.2932 -0.9096 -0.8265 -0.6823 0.4265 -0.1275 -0.1481 0.7156 -0.3626 -0.8815 0.6228 -0.7375 -0.7091 -0.2597 -0.6769 
-0.3592 0.3194 -0.4662 -0.7298 -0.4642 -0.3021 -0.0929 0.0323 0.5136 0.0064 -0.8584 0.2711 -0.5624 -0.3616 -0.4320 -0.5322 
-0.1487 -1.0997 -0.6662 -0.9476 -0.7039 1.3943 1.0533 0.6297 0.7156 1.1290 -0.6922 0.1698 -0.7930 -0.5737 -0.3701 -0.9301 
0.0602 1.0445 1.3629 -0.8692 -0.4759 0.7102 -0.6778 -0.8039 0.4611 -0.9655 1.1977 0.3271 1.1202 -0.1749 -0.3431 -0.7132 
-0.2287 0.4813 0.9349 -0.8405 -0.6893 0.2854 0.4948 0.4890 0.5282 -0.0429 1.2814 0.0637 1.4751 -0.1651 -0.2055 -1.0579 
0.3328 -0.2826 0.0375 -0.9000 -0.5590 0.3961 1.0200 1.3003 0.8460 1.3441 -1.1351 -0.2233 -1.0535 0.9810 0.3880 -0.8658 
0.8953 -0.4000 -0.1646 -0.8291 -0.5190 0.4203 1.3238 1.3848 1.0428 1.3437 -0.9656 -0.4904 -0.6595 0.9461 0.0975 -0.8158 
-0.3402 1.0983 0.8493 0.8699 0.1106 -1.3360 -0.4633 0.0872 -0.7983 -1.0227 1.0684 -0.2517 1.5039 0.4281 -0.4389 1.0185 
-0.4130 0.8763 0.5514 -0.8572 -0.3228 -0.6391 -0.8210 -0.2719 -0.9385 -1.1241 0.9585 0.2399 1.7850 0.7366 -0.5645 0.9125 
-0.2735 -0.0526 0.1577 -0.7118 -0.2476 0.2932 -0.6356 -0.4318 -1.4418 -0.9908 1.4260 -0.0580 2.1805 0.0604 0.1199 1.4444 
-0.1969 0.0310 -0.2130 -0.5560 -0.2556 0.1792 -0.4855 0.1253 -1.1292 -0.9418 1.1028 -0.0825 1.9293 -0.0890 -0.0694 1.4255 
0.0262 0.0310 -0.0760 -0.7982 -0.2437 0.4797 -0.6040 -0.0735 -1.3995 -1.0775 1.0783 -0.0440 1.6838 -0.5514 -0.0753 1.1532 
-0.0822 0.1798 -0.1992 -0.2950 -0.1462 -0.2123 -0.0671 0.4357 -1.2669 -0.7699 0.8477 -0.1888 1.3646 -0.1378 -0.5802 1.1051 
-0.1940 0.2461 -0.0075 -0.5963 -0.4763 -0.0675 -0.1583 0.6806 -1.0570 -0.9051 0.7833 -0.2472 1.5001 -0.1010 -0.1925 0.9723 
-0.2250 -0.5198 -0.1689 -0.8717 -0.4206 0.9340 0.7640 0.2414 0.4859 0.9324 -0.0069 0.1241 -0.5676 -0.3822 -0.4911 -0.8628 
-0.4502 -0.8427 -0.0446 -0.8425 -0.7514 -0.3393 1.1347 0.9968 1.0116 1.2897 -0.9665 -0.4216 -1.1767 -0.0977 0.2863 -1.2012 
1.0813 -0.1781 -0.0826 -0.9246 -0.4469 0.7065 1.0164 1.2234 0.6524 1.1349 -1.1299 -0.4288 -0.6388 0.1296 0.1978 -0.8419 
1.5486 -0.5881 -0.2963 -0.8450 -0.8056 0.8126 1.0369 0.8994 1.0624 1.0721 -1.1341 -0.6269 -0.9570 -0.6501 0.0367 -0.8885 
0.2790 -0.3362 -0.1640 -0.8497 -0.5675 0.5960 1.1055 1.3345 0.8900 1.3491 -1.0099 -0.2685 -0.7905 1.2512 0.1650 -0.7526 
0.1256 -0.2771 0.1452 -0.8312 -0.5832 0.5948 1.3933 0.9983 0.5766 1.3828 -0.7744 -0.2977 -0.7679 0.6188 0.0310 -0.7114 
-0.1439 -0.8261 0.0231 -0.6368 -0.8083 0.3640 1.1580 1.1193 0.9783 1.2954 -1.0538 -0.3853 -0.7127 -0.1687 -0.1563 -1.0312 
0.5594 -0.5956 -0.0024 -0.1470 -0.6856 0.2820 1.3823 1.2600 0.7816 1.4361 -0.7423 -0.4913 -0.6103 0.5030 0.2625 -0.7281 
1.2258 -0.1708 0.0292 -0.7169 -0.6512 0.7620 1.3837 1.2253 0.8256 1.3766 -0.8080 -0.2187 -1.0251 0.0409 0.0117 -0.7553 
-0.6132 0.2359 0.5593 -0.1251 1.2823 -0.8995 -0.8035 -0.7863 -0.3199 -0.9317 0.2984 -0.3586 0.2034 -0.0178 0.5903 0.0737 
1.0598 -0.0422 0.2078 -0.6521 -0.1706 0.2280 0.5271 0.4434 -0.5964 0.4881 -0.2708 -0.5757 -0.5789 -0.2766 0.2963 -0.4202 
0.6973 0.5134 -0.0156 0.4596 1.5219 -0.4304 -0.0445 0.3039 -0.4619 0.4219 -0.0872 -0.5865 0.2104 -0.4180 -0.1693 0.4542 
-0.4557 0.1659 -0.1259 0.2832 0.7554 -1.2222 -0.3156 0.2858 -0.6115 -0.2235 -0.4709 -0.4700 0.0757 -0.1318 0.4153 0.4074 
-0.3132 0.3278 0.7588 1.4446 0.7069 -0.3421 -0.7369 -0.7642 -1.1494 -0.7414 1.2032 -0.3985 1.1344 1.2744 0.0024 0.9532 
-0.5055 -0.3462 -0.2518 -0.6611 -0.7592 -0.1096 -0.8417 -1.0464 -1.1955 -1.0229 0.1299 0.0725 0.6749 -0.7522 0.1955 1.2355 
-0.3538 -0.5681 -0.4921 -0.6504 -0.3289 -0.7730 -1.0191 -0.5823 -1.1646 -1.0233 -0.1818 0.0943 0.9403 -0.5120 0.1000 1.2368 
-0.7216 0.1210 -0.0219 -0.6603 -0.3542 -0.4674 -0.8748 -0.7303 -0.7589 -0.8900 0.3147 0.7486 0.4566 -0.6056 -0.3215 0.3631 
-0.8343 0.2806 -0.5083 -0.7116 -0.3195 -0.6207 -0.8576 -0.4728 -1.0207 -0.9741 0.5677 0.3251 0.6466 -0.5871 -0.1867 0.6333 
-0.9127 0.3635 -0.2992 -0.8019 -0.3780 -1.2742 -1.1061 -0.7211 -0.9447 -1.0610 0.3851 0.2835 0.7689 -0.4882 -0.1014 0.9042 
-0.3063 0.3793 -0.1133 0.6823 1.2892 0.1822 -0.8941 -1.1697 -0.8297 -0.9189 0.2172 -0.2271 0.8066 -0.2014 0.1230 1.0744 
0.7125 0.2854 -0.3109 0.6820 1.4591 -0.5953 -0.8638 -0.8334 -0.7605 -0.9385 0.3439 -0.0649 0.8836 -0.5442 -0.0302 1.2769 
-0.6229 0.2571 0.7487 0.0236 0.6040 -0.2158 -0.8315 -1.1234 -0.8810 -1.0533 1.3325 0.0435 1.0156 0.1933 0.1779 1.0232 
0.7436 0.2297 1.0025 -0.3532 0.1121 -0.8245 -1.1074 -1.0909 -1.0529 -1.0052 1.4795 -0.3285 1.2184 0.8716 -0.3439 1.0882 
-0.3121 0.1596 0.2609 2.1453 0.4820 -0.9802 -0.7739 -0.3533 -1.1343 -0.8839 0.9034 -0.3549 0.8830 0.7398 -0.1429 1.1274 
0.6998 0.1284 0.3863 1.9199 0.1218 -0.3587 -0.7635 -0.2702 -1.1173 -1.0305 0.3578 -0.0977 0.9068 1.0301 0.0096 1.2359 
0.1606 0.5377 0.2223 0.9281 1.6750 0.0659 -0.4188 -0.1594 -0.7068 -0.7407 0.7588 -0.2373 0.8415 0.2619 0.1616 0.8134 
-0.1527 0.5742 0.0446 0.9793 1.6373 -0.1113 -0.3938 -0.0801 -0.7108 -0.5247 0.7653 -0.2519 0.8944 -0.4326 0.2392 0.7398 
-0.7333 0.3953 -0.3339 0.2709 1.1015 -0.5141 -0.8404 -0.5342 -1.0253 -1.0865 0.4224 -0.2616 0.8422 -0.4411 -0.2557 1.0410 
-0.6287 0.1152 -0.1747 0.8306 -0.0554 -0.8967 -0.8374 -0.2283 -1.0005 -0.8549 -0.0536 -0.2114 0.7232 0.0204 -0.0051 1.0038 
-0.4513 -0.1779 -0.1946 -0.0221 0.1074 0.0481 -0.6715 -0.6059 -1.1569 -0.8198 0.4500 0.0720 1.2577 -0.3490 -0.0838 1.0808 
0.1799 0.3747 0.1793 0.8590 0.1373 -1.0492 -0.7601 0.1790 -1.0855 -0.8889 0.5968 -0.3923 1.1311 0.2709 0.1204 1.1963 
-0.6513 0.4284 0.3023 0.9689 1.1601 -1.0802 -0.9676 -0.1922 -0.9722 -1.0138 0.8397 -0.2214 1.1250 0.1373 0.2627 1.3408 
-0.4443 0.4694 0.5097 0.6583 1.2639 -0.9258 -0.7147 -0.1735 -0.9649 -0.9805 0.7881 -0.2737 0.7427 0.4540 0.1198 1.1418 
-0.7774 0.2636 0.2691 0.9632 1.6251 -1.2331 -0.7359 -0.3189 -0.8635 -1.0042 0.8536 -0.7042 1.0851 0.2970 0.0140 0.9481 
-0.6862 0.3328 0.6537 0.6834 1.6074 -0.9482 -0.8800 -0.5495 -0.9379 -1.0654 0.8058 -0.4732 0.8809 0.2627 0.0596 1.1945 
-0.6901 0.1173 0.3115 0.6229 1.3126 -0.3322 -0.8112 -0.4563 -0.7974 -1.0349 0.8291 -0.2746 0.8058 0.3493 -0.0299 1.1052 
-0.7822 0.1576 0.3711 0.8307 1.4062 -1.2030 -0.6995 -0.1345 -0.8979 -0.8895 0.8795 -0.4169 1.1452 0.0644 0.1751 1.0033 
0.3116 0.4299 0.5839 0.2347 1.2249 -0.6967 -0.6268 -0.2498 -0.9367 -0.8068 0.7854 -0.4384 0.9279 0.4080 -0.2810 1.1114 
-0.8736 0.3793 0.0112 0.4165 1.4196 -1.1336 -0.8719 -0.2584 -0.7918 -0.8622 0.4294 -0.2948 0.8362 0.3571 0.1187 0.8721 
0.3205 0.2318 -0.2571 0.4200 0.9477 -1.2169 -0.7286 0.0058 -0.9549 -0.8873 0.7798 -0.2625 0.7620 -0.3002 -0.1040 1.1780 
-0.7693 0.5152 0.0700 0.9592 0.9864 -1.0019 -0.5089 -0.2454 -0.7323 -0.9524 0.3048 -0.4601 0.6320 -0.1645 0.0066 0.8665 
1.3301 0.2366 -0.3542 1.2399 1.2122 -0.4814 -0.6392 -0.3397 -0.9469 -0.9505 0.1044 -0.3975 0.7778 -0.3634 0.1609 1.1615 
1.1947 0.3371 0.0781 0.9478 0.8623 -0.2636 -0.1952 0.2431 -0.9039 -0.9066 0.3296 -0.5443 0.8069 -0.3131 0.1796 0.8287 
-0.2765 -0.3363 -0.9357 -0.4067 -0.0132 0.0670 -0.6403 -0.7921 -0.6908 -0.8355 -0.7421 -0.1641 -0.1521 -0.4491 -0.2805 0.4634 
-0.5632 0.4156 0.4468 -0.2383 0.4420 -0.5204 -0.8369 -0.7231 -0.7814 -0.9270 1.4456 -0.2355 0.8010 0.5203 0.1729 1.0298 
0.1940 0.3712 0.6368 -0.0508 0.1042 -1.1136 -0.8670 -0.2146 -0.8484 -0.9789 1.1765 -0.4369 0.6868 0.5447 0.3909 0.9336 
-0.3553 0.2166 0.4569 0.3563 1.1103 -0.1924 -0.7295 -0.2756 -0.8460 -0.7822 0.8331 -0.5442 1.0137 0.0900 0.0307 0.8468 
0.8177 0.2123 -0.2723 0.1148 0.6718 -0.4990 -0.8046 -0.5078 -1.0000 -1.0396 0.6697 -0.3205 1.1578 -0.3955 -0.0970 1.2356 
0.5595 0.3462 0.2127 0.3550 -0.2248 -0.6705 -0.4055 0.2206 -0.7324 -0.9909 0.6468 -0.5048 0.6258 0.6582 0.1727 0.8318 
1.0187 -0.0781 0.0143 -0.1424 0.7007 0.5692 0.6489 0.4678 -0.2742 0.9918 -0.6823 -0.5263 -0.4745 -0.2206 -0.6212 -0.5055 
-0.4137 0.6574 0.2258 -0.0711 0.8869 -1.0459 -0.6331 0.4217 -0.8479 -0.8116 0.5966 -0.4269 0.9858 -0.2875 0.1909 1.2065 
0.2495 -0.0342 0.0057 -0.1600 0.9052 -0.5459 0.2454 0.5599 -0.3703 0.4111 -0.8302 -0.5542 -0.5177 0.3561 0.0388 0.0669 
0.7486 -0.3938 0.1002 2.0952 0.2074 -0.2926 -0.9542 -0.5838 -1.1388 -0.8998 -0.0914 -0.4624 0.0365 1.3892 -0.1533 1.0247 
-0.5102 -0.0508 -0.4096 0.0137 0.9958 0.4057 -0.7142 -0.8769 -0.5957 -0.8179 -0.7261 -0.2232 -0.5850 -0.7533 -0.1295 0.3035 
0.6876 0.3757 -0.1462 1.1866 0.8069 -0.8188 -0.7097 -0.3821 -1.0584 -0.8401 0.2653 -0.1381 1.1209 -0.4025 0.3543 1.0507 
-0.4042 -0.0244 -0.0780 -0.4509 0.6585 0.4298 -0.6564 -0.9179 -0.7682 -0.9305 0.1220 -0.0059 -0.1260 -0.3158 0.1126 0.4468 
0.8854 0.2714 -0.7914 0.4884 0.9884 -0.9150 -0.4103 0.2024 -0.8293 -0.9019 -0.0905 -0.4014 0.2069 -0.5614 -0.2998 0.7558 
0.1963 -0.3922 -0.7085 0.1103 -0.2154 0.7261 -0.3134 -0.4394 -0.9310 -0.3466 -0.7681 -0.3026 -0.5895 -0.3969 0.0366 0.3331 
-0.2366 0.1312 0.6086 1.0345 0.7476 -0.1274 -0.7449 -0.7799 -0.7933 -0.6970 -0.0244 -0.5200 0.0632 0.6631 0.1450 0.4140 
1.2535 0.0405 -0.6095 0.4426 0.8223 0.1114 -0.7099 -0.5099 -0.7827 -0.7985 -0.4539 -0.1778 0.0939 -0.5718 0.1127 0.7291 
0.8656 -0.3716 0.1828 -0.4251 0.3238 0.2449 0.5679 0.7768 -0.2584 1.2468 -0.9614 -0.7796 -0.6312 0.4198 0.0660 -0.4575 
-0.5324 0.2431 -0.2498 -0.2176 0.1971 -1.1955 -0.3401 0.6304 -0.1763 -0.9403 -0.8562 -0.2278 -0.3963 -0.0755 0.2137 0.1445 
-0.5634 0.2652 0.6014 0.9040 0.2926 -0.6228 -0.8889 -0.6696 -0.6436 -0.8575 0.4597 -0.1872 0.1151 -0.0216 0.3241 0.1902 
-0.3197 0.2041 -0.0510 1.4425 0.7754 -0.3032 -0.9675 -0.6969 -0.5877 -0.3852 -0.3831 -0.2459 0.3460 -0.3352 0.2940 0.5147 
0.5746 -0.0114 -0.2571 -0.0196 0.6102 0.2738 0.9602 0.9357 -0.3266 1.2774 -0.8952 -0.6866 -0.4942 0.3600 0.1958 -0.2751 
-0.1831 -0.3697 -0.1943 -0.1884 0.7698 -0.1721 0.3343 0.4174 0.0209 1.0173 -1.0236 -0.7951 -0.8007 0.0147 0.1484 -0.3275 
-0.7286 -0.0961 -0.6458 -0.8945 -0.6259 0.1878 -0.3667 -0.5913 -0.3299 -0.7507 -0.5164 -0.0124 -0.2174 -0.5831 -0.2360 0.4740 
1.0705 -0.2144 -0.4382 0.1929 0.2158 -0.4134 -0.7402 -0.2277 -0.9742 -0.6978 -0.4134 -0.4630 0.5079 -0.5198 -0.1337 0.9502 
-0.3385 0.1648 -0.3128 -0.0060 0.9058 -1.1106 -1.0865 -0.6832 -0.7301 -1.0153 -0.3361 -0.1748 0.2833 0.0417 -0.0405 0.8291 
1.6422 0.2577 -0.0041 1.1207 1.7544 -0.2932 -0.6734 -0.7892 -0.8489 -0.8806 -0.1836 -0.5948 0.3279 -0.2447 -0.1794 0.8970 
1.5695 0.3020 -0.1471 0.7370 1.7013 -0.4019 -0.7436 -1.2292 -0.5781 -0.9205 0.1961 -0.3629 0.4646 -0.1691 -0.0779 0.8980 
-0.5347 0.2949 -0.1484 0.5569 1.4991 -1.2386 -0.8597 -0.6527 -0.8051 -1.0007 -0.1160 -0.4084 0.5120 -0.1888 -0.0418 1.0177 
-0.6867 0.4118 -0.1364 0.5699 1.5785 -0.5850 -0.7739 -0.3571 -0.8427 -0.8491 0.6373 -0.1236 0.8187 -0.5431 -0.0943 1.0352 
1.0996 0.3872 -0.0466 0.8821 1.5942 -0.6546 -0.9212 -0.5363 -0.8083 -1.0743 0.4829 -0.5299 0.7804 -0.0476 -0.2178 0.9158 
1.0510 0.3821 -0.2717 0.8267 1.8338 -0.7304 -0.7056 -0.1714 -0.9085 -1.0110 0.2285 -0.2822 0.9712 -0.6795 0.0635 1.1675 
0.8714 0.2203 0.0293 0.8640 1.4967 -0.6036 -0.7738 -0.3670 -0.9704 -0.9078 0.3749 -0.2901 0.7142 -0.4778 -0.0566 1.0295 
0.0850 0.3338 0.1444 1.1775 0.6202 -0.3542 0.1905 0.5429 -0.3265 0.8809 -0.3999 -0.5805 -0.0826 0.1399 0.4163 0.1620 
1.0208 -0.0065 -0.3992 -0.1624 0.7164 0.0259 0.1512 0.3112 -0.4069 0.4702 -0.8628 -0.5579 -0.6156 -0.2669 -0.0245 -0.1573 
0.6371 -0.1557 0.0719 -0.3583 0.2761 0.2586 0.9122 1.0063 -0.1986 0.9847 -0.8675 -0.6983 -0.5954 0.5571 0.3514 -0.0791 
1.0259 0.0426 -0.1721 -0.1099 0.7879 0.3471 0.6780 0.9121 -0.3418 1.1606 -0.9065 -0.4731 -0.5887 -0.0259 0.2961 -0.1522 
-0.6679 0.3221 0.0255 0.4548 0.6053 -1.0678 -0.6671 -0.1976 -0.6193 -1.0269 0.4304 -0.4043 0.2614 0.1593 0.3709 0.7816 
0.1110 0.0056 1.2243 -0.0137 0.1483 1.0348 0.8667 0.3777 -0.3674 0.9573 0.4179 -0.4778 -0.3876 -0.3942 0.9641 -0.1050 
0.3767 0.3155 -0.7030 0.4584 0.4986 -0.8361 -0.4947 0.2731 -0.8207 -0.8528 -0.2886 -0.5175 0.2148 -0.3192 -0.2368 0.8994 
1.1659 0.3395 1.0238 -0.4585 0.4728 -0.0126 0.9347 0.8372 -0.7238 1.1082 0.4569 -0.6277 -0.2628 1.1691 0.5475 0.3874 
-0.4324 -0.6607 -0.9387 -0.1283 0.2921 0.4384 -0.6844 -0.6638 -0.7130 -0.9270 -0.8072 0.3107 -0.4798 -0.5343 -0.4892 0.3717 
0.8482 -0.2869 -0.1106 -0.8008 -0.0861 -0.0345 -0.7767 -1.1436 -1.2173 -1.0652 0.0326 -0.3522 0.9968 -0.6733 -0.2063 1.1672 
-0.4282 0.1984 0.1789 -0.2409 0.2233 0.2975 -0.9091 -1.2779 -1.2509 -0.9238 1.3029 0.1087 1.5403 -0.5697 0.6668 1.4854 
-0.1112 0.3932 0.5999 -0.4136 0.6594 0.3516 -0.9569 -1.2215 -1.2977 -1.0910 1.4625 0.0375 1.2651 -0.8044 0.6620 1.3252 
1.4250 1.6349 1.7705 -0.7066 -0.3325 0.6716 1.3165 1.1854 0.7175 0.5077 1.6821 -0.8304 1.0032 1.8174 0.5760 -1.1473 
0.7051 -0.2819 0.3856 -0.4397 -0.7027 0.6442 0.6844 0.8404 0.4016 1.1943 -0.3204 0.1090 -0.2500 0.2315 0.1608 -0.4486 
0.8992 -0.7725 -0.0560 -0.7313 -0.6212 0.3768 0.9431 1.1035 0.9378 1.2620 -0.7545 -0.4533 -0.5909 0.1143 -0.0511 -0.8988 
0.3395 -0.6466 0.5172 -0.7060 -0.6554 -0.0856 1.2393 1.0310 0.9069 1.4224 -0.7620 -0.2591 -0.8147 0.9205 0.2094 -0.8012 
-0.5620 0.0133 -0.3936 1.9050 -0.0981 0.2447 0.6224 0.3570 0.7701 1.1125 -0.4635 -0.6093 -0.3458 -0.2654 -0.0834 -0.7780 
-0.9213 -0.2674 0.2623 -0.5689 0.2280 -0.8518 -0.3752 -0.4433 -0.1990 0.1726 -0.1615 0.9233 -0.2206 -0.3149 0.8935 -0.4087 
-0.0882 -0.3854 0.3426 -0.5470 -0.1962 0.0456 0.1992 0.1736 -0.1307 0.8847 0.0598 0.7577 -0.4093 -0.2705 0.7197 -0.7037 
-0.2013 0.5210 0.5856 -0.6903 -0.4413 0.0096 -0.7219 -0.9120 -0.5078 -0.6214 0.7321 0.6176 0.1384 0.1695 -0.1529 0.2697 
-0.2432 -0.1802 -0.2121 -0.6725 -0.5967 0.4501 -0.1158 -0.4929 -0.2122 -0.0322 0.0501 0.4400 -0.4016 -0.4703 0.0057 -0.6803 
-0.8393 0.1034 0.2868 -0.5914 0.1015 -0.9862 -0.6154 -0.6820 -0.2912 -0.2234 0.5062 1.1044 -0.1577 -0.5843 0.8201 -0.2738 
-0.6308 -0.2686 -0.8738 -0.5955 -0.4436 0.1297 -0.8925 -1.1893 -0.2583 -1.1282 -0.5162 0.7234 -0.2390 -0.4934 -0.8944 0.2033 
-0.2313 -0.1473 0.2392 -0.6265 -0.0861 0.7211 -0.1380 -0.3368 -0.1674 0.1394 0.1907 0.4306 -0.5783 -0.7397 0.4452 -0.4383 
-0.4544 -0.3267 0.3510 -0.7499 -0.4010 -0.0321 0.3912 0.5330 -0.0813 0.8630 -0.3995 0.3021 -0.1443 -0.4331 0.5832 -0.5235 
-0.1836 -0.1551 0.6408 -0.4851 -0.5737 -0.0584 0.9016 0.6359 0.3259 1.3708 -0.2840 0.5436 -0.5353 0.1821 0.4084 -0.9053 
0.2878 -0.7345 0.2223 -0.5282 -0.2592 0.1801 0.5881 0.1893 -0.0906 1.0926 -0.2272 0.5066 -0.5113 -0.6643 0.5722 -0.6305 
-0.3253 1.4556 -0.0203 0.9104 1.7069 -0.6655 -0.9625 -1.3474 -0.6022 -1.0921 1.1203 0.6832 0.9199 0.0677 -0.7936 0.6407 
-0.5475 0.7944 0.1266 -0.8458 -0.3007 -0.5369 -0.9315 -1.0668 0.2761 -1.0874 0.2213 1.2819 -0.3398 -0.4593 -1.0629 0.0966 
0.8839 0.0629 0.1683 1.2707 0.3662 0.2562 -0.1252 -0.3567 -1.0193 -0.6818 0.3406 -0.6381 0.2633 0.2683 -1.1992 0.4875 
1.3822 0.4880 0.4685 -0.7571 0.0307 0.6188 0.6090 0.3937 0.3418 1.0189 0.9868 -0.3680 0.1425 0.2963 -0.4537 -0.7734 
1.4381 -0.3715 1.2053 -0.2099 -0.0567 0.7969 1.5680 1.1564 0.0626 1.2579 0.4184 -0.6867 -0.6109 1.4755 0.7219 -0.7836 
-0.3180 0.8580 0.2525 0.7966 -0.4392 0.6150 -0.5407 -0.7346 -0.1149 -0.7398 1.1661 0.3709 0.4678 -0.4989 -0.4487 -0.3241 
-0.3919 0.4774 0.4879 1.3912 1.6393 0.0472 0.4971 0.2641 0.7668 0.7455 1.2888 -0.8866 0.7658 0.8665 -0.0772 -0.6381 
0.2540 -0.1989 0.1082 -0.8372 -0.4163 0.1310 1.3822 1.4611 0.9350 1.3721 -0.9542 -0.3551 -0.7081 1.9830 0.5191 -0.9355 
0.5725 -0.8732 -0.3556 -0.8550 -0.6319 1.0848 1.2624 1.2184 0.9237 1.0586 -0.9990 -0.3001 -0.9695 0.1358 -0.1089 -1.1096 
-0.0289 -0.9602 -0.2510 -0.7957 -0.6138 0.2426 1.0968 0.3709 1.0656 1.2938 0.0770 0.0385 -0.8791 -0.2283 0.1485 -1.1037 
0.0792 -1.1202 -0.4110 -0.7247 -0.5898 0.5352 1.0571 0.8896 0.9187 1.2411 -0.7288 -0.1469 -1.0330 0.1928 -0.0638 -1.1796 
-0.7089 -1.0411 -0.3677 -0.7373 -0.7753 0.5143 1.1375 0.6885 1.2135 1.3281 -0.4969 0.2676 -0.9290 -0.1964 -0.2978 -0.9698 
-0.5047 -0.9732 -0.2777 -0.8241 -0.7845 0.2300 1.2847 0.5810 1.0001 1.3557 -0.7103 0.0761 -1.0329 -0.1451 -0.0884 -1.0421 
-0.8035 -0.6350 -0.7943 0.8671 -0.6278 0.2165 1.0143 0.8190 0.8627 1.1547 -0.8489 -0.0244 -0.9121 0.0873 0.3931 -0.9686 
-0.4940 -1.2380 -0.0922 -0.4483 -0.6246 0.7503 1.5378 0.8239 0.9876 1.3413 -0.9744 -0.3242 -1.1160 -0.3662 0.2551 -1.3478 
-0.3496 0.9217 0.6915 -0.8401 -0.3475 0.3556 1.3919 0.6024 1.3940 0.8916 1.8963 -0.3954 0.8648 -0.2724 -0.5740 -1.3736 
-0.4523 1.7769 1.1303 -0.9878 -0.6023 0.0693 0.8257 0.1400 1.3068 -0.4605 2.0589 -0.7378 1.9739 -0.3759 -1.3542 -1.5428 
-0.4728 0.3636 0.3760 1.5731 0.0016 0.8852 1.3854 0.3630 1.3121 1.2957 0.4606 -0.6858 0.3279 -0.2240 -0.9527 -1.2719 
-0.3022 1.7120 0.7121 0.1810 -0.7671 0.4346 1.3426 0.5081 1.4241 0.8340 1.7849 -0.4256 1.0107 -0.4728 -1.1808 -1.4337 
-0.3417 1.1912 1.2618 -0.6660 -0.7532 0.6887 1.3417 0.7131 1.2962 0.0571 2.0751 -0.6619 1.6075 -0.6527 -1.2940 -1.2842 
-0.3364 -0.2114 -0.8786 0.2863 0.4268 0.2011 -0.6417 -0.7192 -0.4502 -0.5412 -1.0093 -0.2019 -0.5108 -0.7293 -0.3011 0.2548 
-0.4206 -0.0952 -0.3764 0.9841 0.5293 0.2834 -0.5442 -0.6859 -0.9021 -0.9339 -0.3964 -0.3991 0.0981 -0.6084 -0.3031 0.5719 
-0.4779 0.1095 -0.1919 1.8875 -0.0615 -0.5171 -1.0120 -0.6762 -0.9030 -0.9444 0.2962 -0.2656 0.6937 -0.3258 -0.0918 0.9632 
-0.2612 0.0911 0.0011 0.5822 0.9817 0.1821 -0.6249 -1.0016 -0.7026 -0.9941 -0.2652 -0.1107 -0.2220 -0.5007 0.0583 0.5130 
-0.9192 -0.4548 -0.8459 -0.5671 -0.0221 -0.5952 -0.5278 -0.7106 -0.1821 0.2381 -0.8186 0.1447 -0.2898 -0.2850 -0.0577 0.5244 
-0.6565 -0.5995 -1.1168 0.1352 0.2608 0.1588 -0.9387 -0.8024 -0.4905 -1.0329 -1.1781 -0.3718 -0.8888 -0.8931 -0.4046 -0.0703 
-0.1537 -0.0641 0.1809 -0.7674 0.0527 0.0239 0.1233 -0.0389 0.0702 0.5981 -0.1527 -0.0143 -0.5394 -0.1543 -0.0499 -0.0724 
-0.0950 -0.7196 -0.0440 -0.7149 -0.2623 1.1197 -0.0857 -0.5213 -0.1085 0.2260 -0.4135 0.4981 -0.5916 -0.6990 0.4262 -0.7225 
-0.1375 -0.3022 -0.6268 0.6113 0.4919 0.2726 -0.2046 -0.4111 -0.6180 -0.6471 -0.9075 -0.4587 -0.5788 -0.5030 0.1921 0.0750 
-0.4521 -0.1754 -0.6029 0.1398 0.7188 -0.0850 0.6730 0.5258 -0.2245 0.5850 -1.0083 -0.7883 -0.5870 0.0096 -0.1742 -0.5462 
-0.0607 -0.2297 -0.5588 -0.4995 -0.3861 0.3142 -0.3383 -0.0561 -1.1535 -0.8495 0.2609 0.1769 0.7204 -0.5260 0.2274 0.8940 
-0.3766 0.9292 -0.2348 1.7924 -0.2967 0.6305 -0.3820 -0.9949 0.9999 -0.0286 0.9180 -0.5677 1.1284 -0.4292 -0.8771 -1.0490 
0.3265 -0.4472 0.7373 0.1771 0.7542 1.0593 0.9382 0.1049 -0.2991 1.2258 0.4802 -0.2157 -0.4646 -0.0666 -0.1900 -0.3054 
1.7748 -0.7594 -0.9613 -0.2356 -0.5712 0.1895 -0.0748 -0.2958 0.0021 0.2923 -0.9711 -0.5879 -0.6446 -0.8724 -0.7652 -0.2202 
-1.0435 -0.7577 -1.0616 -0.7715 -0.6623 -0.7044 -0.0728 -0.0767 0.2063 -0.0271 -1.1566 -0.0591 -0.8022 -0.1493 -0.3403 -0.3963 
-0.0215 -0.5917 -0.7852 -0.7328 -0.6229 0.6536 -0.1089 -0.4856 -0.2853 -0.5913 -0.8156 0.5701 -0.5549 -0.8545 -0.3700 -0.2397 
-0.4505 -0.2892 -0.5377 -0.8198 -0.7181 0.4676 -0.1622 -0.4572 0.6493 -0.3501 -0.8876 0.3905 -0.6680 -0.4623 -0.6136 -0.2785 
0.0372 -0.1880 0.0527 -0.8199 -0.5354 0.7235 1.1878 1.1871 0.9433 1.0352 -1.0557 -0.1780 -0.8477 0.4598 0.1128 -0.7478 
-0.4101 -0.4353 -1.0857 -0.6897 -0.4735 0.2999 -0.0762 -0.1620 0.1613 -0.0010 -0.9481 0.5685 -0.7003 -0.5409 -0.8266 -0.0649 
-0.3104 0.9644 0.0855 1.3268 0.3594 0.1400 0.1034 -0.0902 -0.0895 -0.0389 0.6585 -0.5349 0.1457 -0.2646 -0.3752 0.0927 
-0.4065 -0.5341 -0.9933 0.0479 -0.6932 0.1388 -0.1543 -0.2075 0.4702 0.1712 -0.7042 0.5128 -0.6115 -0.1873 -0.7886 -0.0713 
-0.3996 1.0405 0.0421 0.6862 0.2196 0.0608 -0.2308 -0.5266 0.2685 -0.4316 0.9473 -0.4647 -0.0898 -0.1734 -0.1376 -0.2342 
0.7275 -0.7737 -0.5187 -0.8840 -0.6665 0.5549 -0.1452 -0.2687 0.0996 -0.3736 -0.9527 -0.2329 -0.5866 -0.3936 -0.6311 -0.3853 
-0.7009 -1.2969 -1.4348 -0.9421 -0.5023 1.2088 -0.5378 -1.0170 0.2989 -1.2249 -1.1281 0.1734 -1.0234 -0.2898 -0.6325 -0.8389 
-0.3718 -0.6208 0.9736 -0.5639 -0.7226 0.2598 0.8688 0.5899 0.5446 1.1587 1.0506 -0.3107 -1.0051 0.7469 0.6355 -0.5029 
-0.9225 1.1851 -0.1066 1.6842 -0.5096 -0.3472 -0.7287 -0.6897 0.4931 -0.2292 1.2705 -0.0289 1.6130 -0.2384 -0.9100 -0.3468 
-0.3566 0.2492 0.4976 -0.7788 -0.5175 0.4648 0.3628 0.2628 0.2943 -0.2633 0.5703 0.1001 0.2949 -0.4846 -0.2511 -0.7718 
0.2590 0.2361 -0.3935 -0.8417 -0.4887 0.3917 0.1061 0.9689 0.7833 -0.9291 -0.8211 0.1184 -0.8010 0.4410 0.1704 -0.7800 
0.2644 -0.3530 -0.3824 0.2815 1.0244 0.4491 0.6862 0.3817 -0.0826 1.2304 -0.8961 -0.6906 -0.7395 -0.3876 -0.3446 -0.4858 
-0.4654 -0.2492 0.3796 -0.7896 -0.6503 0.0424 1.3895 1.0286 0.6890 1.3250 -0.2765 0.0256 -0.5671 0.0723 0.0350 -0.9055 
0.1832 1.6542 -0.0118 -0.0023 0.6087 0.0276 0.8155 0.2787 1.2841 0.7248 1.3685 -1.0414 1.3488 -0.4694 -0.6199 -0.8638 
1.1372 -0.7830 -0.8089 -0.2339 -0.7070 0.0975 0.0814 -0.0406 0.0273 0.7340 -0.6774 -0.6511 -0.8017 -0.7189 -0.1547 -0.4570 
0.1197 -0.1600 0.2672 -0.8627 -0.2027 1.4485 0.5958 0.1045 -0.6526 0.5946 1.0940 0.0252 0.1544 -0.7433 -0.4736 -0.5629 
1.1465 -0.6688 -0.4419 -0.8446 -0.3382 0.4515 0.5123 0.3825 -0.0245 1.0982 -0.3986 0.0188 -0.5278 -0.8079 0.2442 -0.5868 
-0.6441 0.4410 -0.4812 -0.9130 -0.6361 -1.2625 -0.1616 1.0141 0.8807 -0.9890 -1.1424 -0.2103 -0.6578 0.3106 0.1419 -0.7096 
-0.2258 -0.9573 -0.4407 -0.6541 -0.5957 0.4411 0.9338 0.4866 1.0961 1.3989 -1.1098 -0.2245 -0.9789 -0.4233 -0.1296 -1.0532 
-0.4531 1.7385 0.7699 0.6293 -0.3674 0.6788 0.1272 0.0554 0.8215 0.6305 1.1771 0.1496 0.9121 0.3455 0.1251 -0.5390 
-0.5750 1.7179 0.6648 0.1596 -0.2939 -0.6485 0.2673 0.2700 0.5317 0.8923 0.9905 -0.0026 1.0240 -0.3441 0.4018 -0.3141 
-0.2317 2.1325 1.2193 -0.7882 -0.4463 -0.6770 -0.9663 -1.0092 0.7222 -0.9436 1.3911 1.8848 1.5622 1.0381 -1.5720 -0.5989 
-0.2663 1.6965 0.1646 -0.8710 -0.6027 -0.4094 -0.8087 -0.3739 0.7242 -1.1341 -0.1999 1.5159 0.3794 0.7457 -1.0277 -0.1237 
-0.0955 1.8913 0.7074 -0.8896 -0.7174 0.3562 -0.1407 -0.1452 0.7887 -1.0689 1.0819 1.6226 0.5910 0.3974 -0.4951 -0.9526 
1.1200 -0.3529 -0.2165 -0.9475 -0.6342 0.9466 1.2752 1.0616 0.8609 1.3736 -1.1173 -0.4345 -0.9007 -0.0389 0.3697 -0.6833 
0.6666 -0.3635 0.5565 -0.8221 -0.5661 0.5918 1.3920 1.2342 0.8841 1.3763 -0.9247 -0.1067 -0.9328 2.4646 0.2557 -0.8353 
1.1496 -0.9590 0.6597 -0.8039 -0.7669 0.9669 1.0500 0.9914 1.1178 0.7026 -0.9860 -0.3219 -0.9792 1.9035 0.2429 -1.0707 
1.4127 -0.3387 0.5159 -0.6403 -0.7211 0.1554 1.4738 1.4153 0.9848 1.3238 -0.8852 -0.3761 -0.5264 3.5265 0.3124 -0.8984 
0.6854 -0.4005 0.0191 -0.8485 -0.7644 1.1633 1.1914 1.4156 1.1115 0.8356 -1.0849 -0.4054 -0.8576 0.9036 -0.1800 -1.1051 
1.0989 -0.1560 0.3342 -0.8617 -0.3967 0.7799 1.4263 1.4506 1.0449 1.3786 -0.8690 -0.4422 -0.7987 2.8053 0.2246 -0.8065 
0.2115 -0.1788 0.0756 -0.8194 -0.6926 0.5879 1.2393 1.2190 0.9855 1.4395 -1.1023 -0.3772 -1.0127 0.7433 0.0768 -0.8439 
0.3875 -0.8568 -0.3493 -0.8498 -0.6565 0.6557 1.2115 0.8009 0.7453 1.3135 -1.0976 -0.0487 -0.8637 -0.0755 -0.0592 -0.8931 
-1.1161 2.2053 0.8748 -0.7163 -0.5781 -1.2905 -1.2912 -1.1582 1.1057 -1.1271 1.6194 1.8199 1.4892 -0.2382 -1.6720 -0.6066 
0.2163 -0.3668 -0.1443 0.2610 -0.7785 0.4108 -0.7152 -0.2960 0.8447 -1.0553 -0.1916 1.1462 -0.6520 0.3334 0.0108 -0.2885 
-0.0628 -1.0624 0.6989 -0.8151 -0.8474 0.2707 0.7465 0.1804 1.2745 0.5821 0.7489 0.4087 -0.7000 1.3814 0.2444 -1.0739 
-0.4691 -1.4363 -0.7848 -0.9168 -0.6440 0.5287 1.0694 0.4513 0.8445 1.0182 -1.1648 -0.1886 -0.9628 -0.7575 -0.2822 -1.1789 
-0.3061 0.2336 0.1980 -0.8785 -0.5311 -0.1418 0.2923 0.7493 0.6933 0.9348 -0.6426 0.0602 -0.5144 0.2863 0.2320 -0.8899 
1.1735 0.1974 0.7746 -0.7640 -0.5150 0.6368 0.8928 0.9826 -0.2014 0.7125 0.6109 0.1232 -0.0550 -0.3093 0.7180 -0.3546 
-0.6029 -0.5493 -0.0503 -0.9123 -0.6000 0.1512 0.6908 0.9219 0.7974 1.2543 -1.0822 -0.3542 -0.8604 1.7679 0.0548 -0.9705 
1.2344 0.5826 0.2716 -0.9131 -0.5330 0.6367 1.2775 1.5022 1.1962 0.7023 -0.6919 0.1485 -0.4025 1.6834 1.0023 -0.8028 
-0.1859 -0.1574 -0.1284 0.8180 -0.5305 -0.1019 -0.0220 -0.3907 0.6998 0.1899 -0.1331 1.0723 -0.5423 -0.2289 0.1407 0.1554 
0.2492 -0.9909 -0.5289 -0.5396 -0.6461 0.6150 -0.0306 -0.3084 -0.0471 0.3049 -0.1447 0.6218 -0.4975 -0.4977 0.9426 0.0786 
-0.4480 -0.4977 -0.1434 -0.0668 -0.6736 -0.1893 -0.1816 -0.2270 0.7047 -0.0351 -0.0353 0.5404 -0.6388 -0.1884 0.3508 -0.0511 
-0.2354 -0.2816 -0.0048 0.1681 -0.3648 0.3548 -0.1537 -0.3490 -0.0528 0.4527 0.0380 0.7305 -0.3787 -0.3956 -0.0551 -0.0063 
-0.1518 -0.2793 0.1488 1.2990 -0.6796 -0.1568 -0.3149 -0.5997 0.8133 -0.1365 -0.0586 0.8415 -0.4722 -0.2605 0.2227 -0.1455 
-0.2559 -0.4570 0.5406 -0.5473 -0.7461 -0.1984 -0.6723 -0.9261 0.6442 -0.6041 0.5451 1.3808 -0.7612 0.3472 0.8169 -0.3145 
-0.2855 -0.0034 0.1796 0.9776 -0.5857 -0.2968 0.0544 0.0588 0.7894 0.4615 0.1707 1.1348 -0.5611 0.0721 0.3503 -0.0034 
-0.7385 -0.1415 0.1873 -0.1621 -0.5958 -0.7411 0.1303 0.0652 0.4257 0.1159 -0.1975 0.8639 -0.6005 -0.1408 0.8491 0.0137 
-0.2506 -0.0789 -0.0165 0.8301 -0.3281 0.1878 0.1769 -0.1885 0.9361 0.4113 -0.0179 1.0293 -0.7191 -0.2657 0.2400 -0.1524 
-0.3177 -0.5852 -0.5822 0.3872 -0.5571 0.2237 -0.1351 -0.1985 0.8267 0.0644 -0.7234 0.6663 -0.6518 -0.5248 0.4128 -0.0482 
-0.0598 -0.2534 -0.3594 0.0661 -0.6171 0.2516 -0.1974 -0.3065 0.6397 -0.0482 -0.4123 0.8209 -0.4003 -0.2010 0.0595 0.2056 
-0.3715 -0.0661 -0.1890 1.1014 -0.5149 0.1510 0.0230 -0.4635 0.9153 0.1584 0.0464 0.9968 -0.7993 -0.1929 0.1470 -0.1568 
-0.2243 0.1155 -0.3154 1.0143 -0.3294 0.4015 -0.1340 -0.4338 0.7191 0.4660 0.0951 0.9730 -0.3258 -0.0540 -0.2178 0.0096 
0.0237 -0.8586 -0.4422 -0.4625 -0.6391 0.6166 0.4613 -0.0710 0.0865 0.4530 -0.2990 0.9117 -0.2228 -0.4092 0.6480 0.3207 
-0.1637 -0.4655 -0.2588 0.6581 -0.0665 0.6027 0.5445 0.2399 0.6014 0.6806 -0.4886 0.6626 -0.5957 -0.2555 0.1823 -0.0276 
-0.3337 -0.1884 0.0374 1.1512 -0.5132 -0.4668 0.0130 0.0054 1.1108 0.5566 -0.0087 0.9468 -0.7408 0.2122 0.5025 -0.1195 
0.0801 -0.4032 0.2834 0.1452 -0.5470 0.0428 -0.1219 -0.4377 0.6910 0.0609 -0.0832 0.7650 -0.7503 -0.1007 0.6150 0.1244 
-0.1216 -0.4238 -0.3217 1.1747 -0.3265 -0.1027 -0.4254 -0.6657 0.0807 -0.1519 0.0501 1.0146 -0.3230 0.0837 0.0960 0.1160 
-0.6496 -0.4397 -0.1069 0.2858 -0.6649 -0.0795 -0.1220 -0.2908 0.8232 0.4887 -0.2948 0.3942 -0.7570 -0.3680 -0.0052 -0.1204 
-0.2434 -0.3535 -0.0738 -0.3877 -0.6038 0.1011 0.0286 -0.1915 0.8087 0.2489 -0.2391 0.7432 -0.7980 -0.1638 0.1196 0.0913 
-0.1885 -0.3779 -0.4644 0.6174 -0.6698 -0.2399 -0.0389 0.1954 1.1026 0.2963 -0.0800 1.1769 -0.8378 0.2995 0.3162 -0.1850 
-0.1486 -0.5524 0.1012 1.4370 -0.6099 -0.0773 -0.2147 -0.5202 1.1028 0.3623 -0.2395 1.3161 -0.6169 0.2720 0.4417 -0.1673 
-0.1314 -0.0602 -0.1203 0.6908 -0.2730 0.2084 -0.0995 -0.2773 0.4834 0.5745 -0.1951 0.6240 -0.3280 -0.3342 0.0980 -0.0452 
-0.1987 -0.6602 -0.2357 0.7872 -0.6200 0.2454 0.1576 0.0495 0.8092 0.5484 -0.1552 1.1521 -0.7929 0.1872 0.5245 -0.2250 
-0.0348 -0.3393 -0.6193 1.4675 -0.3766 0.3538 -0.2066 -0.5283 0.1879 0.1494 -0.1257 0.6054 -0.1224 -0.2101 -0.0921 0.0639 
-0.0228 -0.6269 -0.6053 0.2888 -0.7220 0.6560 0.2017 0.1482 0.7928 0.7442 -0.5074 0.9871 -0.7791 -0.3098 0.3582 -0.3300 
-0.2581 -0.3081 -0.5320 0.9792 -0.5218 -0.0140 -0.1071 0.0858 1.0299 0.4046 -0.4743 0.6579 -0.7138 0.0680 0.6293 -0.1372 
-0.2761 -0.5639 -0.3627 -0.1287 -0.7203 0.0591 -0.3596 -0.3416 0.7953 0.2336 -0.0890 0.9129 -0.7812 -0.2609 0.4753 -0.0809 
0.0009 -0.5155 -0.4633 0.2319 -0.2742 0.2798 0.1189 -0.0709 0.1990 0.3606 -0.7071 0.3402 -0.6156 -0.5377 0.5988 0.1732 
-0.6511 0.1328 0.0572 1.2808 -0.2491 -0.5303 -0.3475 -0.1949 0.7609 -0.0270 -0.0671 0.7384 -0.6178 0.1787 0.3203 0.0326 
-0.2698 -0.3663 0.2753 1.3340 -0.6935 0.0584 -0.1079 -0.5849 0.7462 0.0945 0.1242 0.6414 -0.7393 0.1961 0.5856 -0.0531 
-0.2612 -0.8848 -0.6709 0.0566 -0.6341 -0.0766 1.5236 0.9727 0.7330 1.8009 -0.7353 -0.2240 -0.7868 -0.1370 0.3831 -1.0568 
0.6149 0.3360 0.2587 -0.8718 -0.1401 -0.2926 1.3754 0.8985 1.3899 1.0227 1.5323 -0.8913 0.2857 0.4623 -0.4877 -1.4766 
0.0425 -0.7697 -0.8140 -0.9646 -0.9213 -0.2293 1.6097 1.2202 0.8510 1.8651 -0.8517 -0.5990 -0.9318 0.3428 0.3319 -0.8118 
-0.4957 -0.3835 -0.9235 -1.0831 -0.9864 1.5686 -0.7602 -0.9389 0.9140 -0.5633 -0.2060 0.2518 -0.6129 -0.8810 -0.6778 -0.8493 
0.3033 -1.2950 -0.8928 -1.2209 -1.0396 1.8398 1.7621 1.2728 0.6656 1.1433 -0.3381 -0.1732 -0.7087 -0.6466 -0.2925 -1.1391 
-0.1112 -1.2864 -0.6227 -1.1977 -0.8976 1.9565 1.5111 0.7939 0.8677 0.8912 -0.3852 -0.3624 -0.7060 -0.3984 -0.0151 -1.1747 
0.4489 0.2418 0.2780 -1.0062 -0.7251 -0.7477 1.6148 2.0572 0.9362 1.6128 -1.0363 -0.7844 -1.0664 1.5974 0.1398 -0.9710 
0.4514 -0.2602 -0.2286 -1.0573 -0.7813 -0.9906 1.5562 1.8423 0.9782 1.3876 -1.0217 -0.4683 -0.9992 0.9487 0.3578 -1.0911 
-0.6349 -0.2174 -0.1517 -0.6820 -0.4033 0.8122 -0.6134 -0.6435 -1.1802 -0.6847 0.4480 0.6090 1.0451 -0.4997 0.3344 1.0032 
-0.6265 -0.1724 -0.7733 -1.0045 -0.6302 1.2104 -0.6809 -0.8001 -1.0832 -0.7604 0.0793 0.4101 0.8795 -0.8548 0.4824 1.2053 
-0.5919 -0.1525 -0.1819 -0.8780 -0.4744 1.0351 -0.4815 -0.5265 -1.1283 -0.7324 0.1036 0.3553 0.9936 -0.8244 0.2951 1.3473 
0.1060 -0.1901 -0.0003 -0.9734 -0.4631 -0.3707 -0.7411 -0.1144 -1.2311 -0.7768 -0.2372 0.0701 1.1090 -0.5625 0.3629 1.4439 
-1.0258 -0.1156 -0.2625 -0.8168 -0.3517 0.0095 -0.7593 -0.2502 -1.1763 -0.6635 0.3151 0.1066 0.7138 -0.5971 0.3548 1.0383 
0.3941 0.2789 0.0320 -0.8411 -0.1131 -0.5084 -0.9515 -0.4080 -0.9192 -0.4111 0.3718 0.1466 0.9599 -0.4571 -0.3429 0.9796 
-0.8059 0.0883 -0.0509 -0.8915 -0.2850 -0.1792 -1.1364 -0.9488 -0.8119 -0.7838 0.3584 0.5144 0.7484 -0.6303 -0.6845 0.7390 
-0.7840 0.0152 0.0807 -0.7740 -0.5479 -0.4795 -0.8255 -0.3647 -1.0619 -0.8730 0.3191 -0.0558 0.8428 -0.4986 -0.4928 0.8655 
-0.2130 0.3069 0.1617 -0.8898 -0.1299 -0.4503 -0.9157 -0.6112 -0.9696 -0.7088 0.2959 0.2984 0.7967 -0.5302 -0.4221 0.9782 
-0.3843 0.7826 -0.1864 0.3275 1.1216 1.3624 -0.6172 -1.0165 -0.7311 -0.6308 0.2399 -0.1796 0.5843 -0.6334 -0.2987 0.6151 
0.5990 0.7735 0.1299 0.6060 0.7344 0.5602 -0.7964 -1.1139 -0.6755 -0.5510 0.0523 -0.1820 0.1854 -0.2255 -0.5825 0.6244 
0.5146 0.4991 0.2548 0.2106 1.0937 0.0497 -0.9210 -0.9796 -0.8673 -0.4996 -0.1307 -0.1498 0.5869 -0.5332 -0.6898 0.7996 
0.3280 0.5804 0.1738 0.8805 1.1062 0.6091 -0.8790 -1.0365 -0.7226 -0.4335 -0.0022 -0.1084 0.8243 -0.4938 -0.7266 0.5975 
-0.4436 0.5302 0.8087 0.3755 0.7108 -0.2060 -1.0543 -0.6379 -0.5800 -0.6616 1.4875 -0.2527 0.6674 0.8981 -0.2820 0.7085 
-0.4155 0.0745 0.8189 -0.0457 0.8151 -0.5157 -0.6147 -0.2505 -0.8051 -0.4632 1.2446 -0.3963 0.7088 0.3318 -0.2201 0.6209 
-0.7037 0.6346 0.8207 0.4468 0.6350 -0.9040 -0.6467 0.2873 -0.7707 -0.5622 1.3995 -0.5770 0.5926 0.4871 -0.2928 0.6496 
0.2465 0.4096 1.1918 0.2137 0.6287 -0.1918 -0.7899 -0.6065 -0.7309 -0.4659 1.4019 -0.4193 0.8474 0.9098 -0.3766 0.6316 
-0.5755 0.4365 0.9844 0.1834 0.2759 0.9240 -0.8248 -1.0582 -0.7603 -0.5556 1.4729 -0.3821 0.4782 0.1878 0.0235 0.5908 
0.1828 0.4535 1.1218 1.6450 0.0772 -0.6731 -0.4566 -0.0663 -1.0133 -0.5325 0.8131 -0.4815 0.6994 1.3079 -0.0929 0.9579 
1.0046 0.1568 0.7879 1.4955 0.2188 0.0600 -0.4969 -0.5148 -1.0402 -0.6029 0.5965 -0.6772 0.6778 1.1428 -0.4653 1.0191 
1.1675 0.7268 0.6265 0.8018 1.3570 0.0234 -0.0938 -0.1960 -0.7207 -0.3565 0.3097 -0.4704 0.5207 -0.0538 -0.6237 0.7488 
-0.7147 0.5206 -0.4137 -0.3053 0.9063 -0.1739 -0.7511 -0.3401 -0.8313 -0.8081 0.0720 -0.4220 0.6694 -0.6377 -0.3187 0.9002 
1.0569 0.3903 -0.1090 -0.0847 0.9529 -0.6212 -0.5024 -0.2081 -0.9439 -0.7730 0.1993 -0.5737 0.6684 -0.5462 -0.4617 1.0572 
-0.7953 0.4035 0.0268 -0.0408 0.4448 -1.1874 -0.4662 -0.1069 -0.9314 -0.7748 0.0837 -0.4905 0.4727 -0.4655 -0.4184 0.6738 
-0.3572 0.4098 -0.0120 0.3632 0.2078 -1.1700 -0.4394 -0.2197 -0.8030 -0.6540 0.1762 -0.4462 0.7639 -0.3949 0.0539 0.7070 
0.1457 0.4805 -0.0166 0.0090 0.2324 0.2412 -0.5107 -0.2923 -1.0749 -0.6746 -0.0415 -0.3323 0.7524 -0.5877 -0.5603 0.8398 
0.6773 0.1320 0.1122 0.1691 0.0762 0.0126 -0.6514 -0.5766 -0.9233 -0.6004 0.1371 -0.6356 0.6522 -0.2672 -0.7282 0.9985 
-0.8297 0.7885 0.6453 0.7065 1.2829 -1.0392 -0.4360 -0.1224 -1.0091 -0.6704 0.5893 -0.7691 0.7046 -0.1397 0.1618 0.7724 
-0.5027 0.8390 0.9624 0.3969 1.0214 -1.1614 -0.4607 -0.0035 -0.8139 -0.5260 0.7424 -0.6437 0.6297 0.2144 -0.2879 0.6858 
0.4868 0.8767 0.7207 0.5226 1.3049 -1.0501 -0.4984 -0.2014 -0.6708 -0.6789 0.5720 -0.7711 0.6755 0.1355 -0.0954 0.8128 
-1.0255 0.7409 0.6079 0.7755 1.3337 -1.1828 -0.5619 -0.3110 -0.8314 -0.5036 0.6903 -0.5610 0.9664 0.1533 -0.2267 0.7092 
-0.6555 0.6644 1.1284 0.7015 1.5701 -0.6820 -0.5753 -0.2093 -0.6617 -0.7320 0.5970 -0.7064 0.8687 0.3726 0.1986 0.7824 
0.3987 0.6608 0.5639 -0.0300 0.9098 -1.0198 -0.3813 0.0054 -0.8799 -0.8152 0.6758 -0.6011 1.0917 0.0632 -0.1774 0.9129 
-0.6871 0.6559 0.4401 0.3487 1.3172 -1.2325 -0.6500 -0.0873 -0.9384 -0.4095 0.6361 -0.4832 1.0480 0.0972 0.1171 0.6448 
-0.9000 0.7043 0.5864 0.5999 1.3085 -0.3730 -0.4038 -0.4142 -0.9034 -0.5691 0.2597 -0.5982 0.8564 -0.0282 0.2686 0.7946 
0.7325 0.3412 0.4690 0.8669 0.2701 -0.7027 -0.6662 -0.5164 -0.8553 -0.6708 0.3014 -0.5392 0.9907 0.0128 -0.2255 0.9274 
-0.2035 0.4074 0.1185 0.1687 0.9864 1.0591 -0.3415 -0.2919 -0.8046 -0.6390 0.4940 -0.1539 0.5672 -0.6161 -0.2393 0.8284 
0.4742 0.8022 0.1780 0.3161 0.6900 0.5108 -0.3643 -0.5211 -0.7004 -0.5990 0.2724 -0.4147 0.5740 -0.5486 -0.5389 0.7073 
-0.5995 0.2617 -0.2571 0.3491 1.0188 0.1396 -0.5913 -0.4988 -0.7869 -0.5278 0.0833 -0.0755 0.6994 -0.4007 -0.1723 0.6787 
-0.3134 0.5956 -0.0303 0.9721 0.9445 -0.0462 -0.7533 -0.3283 -0.7036 -0.7454 0.2588 -0.3498 0.5689 -0.1066 -0.5779 0.6636 
0.9312 0.6025 0.2429 1.1827 1.0263 0.3226 -0.5016 -0.4810 -0.7698 -0.7005 0.2362 -0.5654 0.6170 -0.1214 -0.6858 0.7957 
0.7406 0.8942 0.7408 0.4251 0.7185 -0.3782 -0.5516 -0.5777 -0.7136 -0.7201 0.6873 -0.6454 0.6804 -0.0469 -1.2983 0.9649 
-0.4248 0.5687 -0.5285 -0.5562 -0.2627 -0.1577 -0.7360 -0.8593 -0.6764 -0.6922 -0.4641 -0.2837 -0.2721 -0.4368 -0.5016 0.3289 
0.5044 -0.0897 -0.6216 -0.9287 -0.2990 -0.3336 -0.6730 -0.9252 -0.5883 -0.3594 -0.5907 -0.4890 0.0704 -0.7662 -0.1789 0.7246 
-0.5413 0.1375 -0.4923 -0.8961 -0.1369 -0.4727 -0.8306 -0.9970 -0.5469 -0.6063 -0.3630 -0.2597 0.0573 -0.5723 -0.3011 0.5489 
-0.0678 0.5259 0.3247 0.4563 0.5372 -0.3870 -0.4226 -0.3754 -0.9087 -0.5120 0.4538 -0.4995 1.0669 -0.1944 -0.6925 0.8157 
-0.6329 0.5306 0.3754 0.3489 0.6648 -0.4984 -0.4065 -0.0596 -0.9742 -0.5749 0.3110 -0.4268 0.8100 -0.0408 -0.3833 0.7902 
0.7557 0.8048 0.3446 -0.0874 0.3830 -0.6020 -0.3618 0.0235 -0.9879 -0.6542 0.5693 -0.6176 0.8734 -0.3409 -0.7208 1.0104 
1.2162 0.4523 0.8117 -0.2314 0.7508 0.3768 -0.2806 -0.1968 -0.1046 -0.4838 0.0560 -0.9053 -0.0671 1.0872 -0.4197 0.4639 
0.6830 -0.0457 0.1136 -0.8225 -0.0418 -0.3261 1.3298 1.5319 0.4027 1.3712 -0.8703 -0.9983 -1.0656 1.0612 -0.4144 -0.4850 
0.5101 0.2463 -0.7240 -0.9923 -0.2810 -0.1563 -0.4660 -0.6961 -0.4731 -0.2561 -0.3673 -0.5970 0.0727 -0.4264 -0.5659 0.7721 
-0.3543 0.1220 -0.6577 -1.0501 -0.5717 1.1725 -0.4026 -0.5598 -0.4639 -0.4772 -0.3686 0.4379 -0.0994 -0.8031 0.4633 0.4756 
0.4228 0.0010 -0.6949 -0.2716 0.2467 0.0705 -0.1009 -0.0100 -0.8493 -0.4292 -0.3043 -0.6392 0.3070 -0.5497 -0.4210 0.7771 
0.4342 0.8593 0.2257 0.8006 1.5188 -0.8634 -0.6148 -0.4974 -0.4181 -0.6164 0.1094 -0.8109 0.5200 -0.1068 -0.5018 0.5799 
1.3325 0.5420 0.3992 1.0764 1.8021 -0.0748 -0.5235 -0.6847 -0.5985 -0.7276 -0.0519 -0.6810 0.3685 -0.0009 -0.3952 0.4681 
-0.7711 0.8952 0.3128 0.7109 1.3552 -1.2555 -0.6112 -0.2710 -0.6186 -0.7466 -0.0060 -0.6436 0.1578 -0.0660 -0.2151 0.2818 
1.1081 0.3103 0.4165 0.5882 1.2155 -0.4111 -0.2714 -0.3693 -0.7330 -0.7477 0.0690 -0.9066 0.6196 -0.7038 -0.2416 0.7200 
1.4319 0.4888 0.1127 0.5554 1.4037 0.0743 -0.4012 -0.3449 -1.0098 -0.6995 0.2208 -0.6240 0.6617 -0.5102 -0.1787 0.9793 
1.1846 0.6937 0.1939 0.6242 1.5421 0.1086 -0.4324 -0.8073 -0.8171 -0.7614 0.4055 -0.1811 0.6707 -0.3682 -0.2098 0.7404 
0.3760 0.4332 0.3406 0.5325 1.2867 -0.8029 -0.7813 -0.1712 -0.7581 -0.6099 0.1685 -0.6829 0.7440 -0.2811 -0.4911 0.4588 
-0.3096 0.1903 0.1097 -0.9791 -0.1216 -1.1365 0.7287 1.2270 0.2743 0.1904 -0.9024 -0.7393 -0.9261 0.4801 0.2394 -0.6566 
1.3679 0.8868 1.1328 -0.5380 0.2080 -0.5323 1.6165 2.1057 -0.0973 1.2871 0.2382 -1.1242 -0.5757 2.3804 0.6905 -0.3174 
-1.2828 0.0666 -1.0086 -0.8851 -0.7290 -1.8799 -0.9199 -0.7273 0.3611 -0.8502 -0.9253 -0.2632 -0.7568 -0.6882 0.3294 -0.7163 
-1.1734 -0.9233 -0.8968 -1.1116 -0.9780 -1.8711 -0.6028 -0.7947 0.5732 -0.6355 -0.6740 -0.4277 -0.7137 -0.7664 -0.2612 -1.0028 
-0.7265 -0.2809 1.2914 -0.1177 -0.0010 0.1321 -0.5188 -0.6945 0.1728 0.2976 1.1294 0.9937 -0.3172 0.3853 -0.5811 -0.6685 
-0.1911 -1.4235 -1.8957 -1.0657 -0.9397 1.7595 -0.2129 -0.9929 0.4834 -1.0605 -0.8501 -0.3042 -0.9739 -1.0018 -0.3335 -1.1312 
-0.3145 -1.4890 -1.7790 -1.0014 -0.8982 1.9113 -0.0912 -1.0658 0.5191 -1.1251 -0.8188 -0.3175 -0.9071 -1.0799 -0.2575 -1.1564 
-0.7251 0.5302 -0.0682 -1.2008 -0.5470 -1.4133 0.2426 1.2889 0.7981 -0.5885 -0.9648 -0.5770 -1.0243 0.3624 0.1627 -0.9251 
1.5706 -0.0614 1.2635 -1.0498 -0.4219 0.2185 1.7965 2.1462 0.8725 1.5823 -0.7691 -1.0124 -1.0906 2.8336 0.1608 -0.8784 
1.1611 0.0826 1.2118 -1.0835 -0.5875 0.2647 1.7454 2.1957 1.0115 1.4671 -0.6256 -1.0530 -1.0542 2.8653 0.2625 -0.9494 
1.3755 -0.0609 1.0430 -0.9706 -0.5516 0.1682 1.7629 2.2143 0.9039 1.6669 -0.6273 -1.0495 -1.1270 2.8343 0.0814 -0.6755 
0.5548 0.5219 0.0789 -1.0678 -0.6814 0.3748 1.7603 2.0052 0.8115 1.5756 -0.9140 -0.5492 -1.1162 1.9479 0.1721 -1.0680 
0.5149 0.5102 -0.0488 -0.8901 -0.6249 0.3343 1.5881 2.0889 0.7294 1.7093 -0.9426 -0.8989 -0.9872 1.5353 0.3139 -1.2630 
-0.1767 1.1094 0.9943 0.9376 -0.1492 -0.6259 0.9080 0.4886 0.7316 0.6757 0.6183 0.5370 0.7846 -0.0283 -0.1184 -0.6604 
1.3189 1.0099 1.5411 -0.5491 -0.8103 -0.3411 -1.1541 -1.0607 -0.5995 -0.4389 1.6592 -0.9448 1.3828 2.3492 -1.3766 -0.5581 
-0.3826 1.2031 0.2111 -1.1551 -0.5648 0.6709 -1.0114 -0.9860 -0.4829 -0.8572 0.5071 1.2945 0.9048 -0.0950 -1.5028 0.3486 
-0.3970 1.1276 0.2996 -0.9807 -0.0780 0.4527 -1.1147 -1.0196 -0.7111 -0.8531 0.3814 0.8162 0.9481 0.4986 -0.8489 0.2210 
1.1825 0.1459 0.0708 -1.0729 -0.8560 0.4470 1.5788 2.1539 0.6037 1.3917 -0.8254 -0.4945 -1.1068 0.9532 0.4271 -0.6190 
1.1845 -0.4092 -0.4423 -1.2314 -0.6870 -0.0688 1.4568 1.7597 0.9594 1.5043 -0.4065 -0.9115 -1.1223 -0.0860 0.0873 -0.7833 
-0.1809 -0.6945 -0.7548 0.3425 -0.4589 0.5135 0.3639 0.2125 1.1550 0.6883 -0.4156 1.0978 -0.8389 -0.3005 0.3134 -0.8244 
-0.4529 -0.7305 -0.0340 0.6519 -0.5109 -0.2133 0.5082 0.2273 1.2007 0.4425 -0.0061 0.9119 -0.4609 -0.2831 0.6565 -0.7465 
-0.0113 -0.6447 -0.4146 0.5612 -0.6321 0.8139 0.4498 0.1740 0.9511 0.6577 -0.2554 1.0341 -0.7086 -0.3697 0.4358 -0.5815 
-0.0443 -0.8113 -0.3917 0.7653 -0.5877 0.9149 0.3913 0.2305 1.0392 0.4596 -0.3461 0.7709 -0.7916 -0.2169 0.6624 -0.6268 
-0.1659 -0.8436 -0.6340 0.9388 -0.6241 0.6582 0.4530 0.0717 1.0542 0.7383 -0.2799 1.0231 -0.5875 -0.1971 0.5779 -0.6802 
0.0515 -0.7408 -0.6482 0.2051 -0.6630 0.8247 0.8275 0.3443 0.8531 0.9383 -0.1351 0.9510 -0.7966 -0.4110 0.3771 -0.6937 
-0.3660 -0.9568 -0.7905 0.1436 -0.7770 0.7470 0.8973 0.3470 0.8112 0.8897 -0.5109 1.1023 -0.8289 -0.3789 0.4883 -0.7196 
-0.5422 -0.8029 -0.1678 0.9353 -0.7119 -0.2628 0.1665 0.0167 1.0431 0.6010 -0.0644 1.1190 -0.6776 0.0206 0.6269 -0.7625 
-0.3812 -0.6775 -0.3069 0.6772 -0.6799 0.8109 0.1022 -0.0335 1.0117 0.4529 -0.1062 0.8802 -0.6589 -0.3782 0.8094 -0.7671 
-0.1134 -0.8349 -0.3284 1.2288 -0.3813 0.3941 0.2278 -0.0088 0.9831 0.6005 -0.0681 1.1764 -0.8266 -0.3050 0.1843 -0.6555 
-0.1514 -0.5575 0.0356 0.0349 -0.5425 -0.2055 0.4668 0.1913 0.7859 0.4634 0.0939 1.1329 -0.3399 0.0072 0.7768 -0.7884 
-0.2027 -1.0500 -0.9102 0.3152 -0.6529 0.9346 0.4829 -0.0562 0.9295 0.2886 -0.5148 1.1277 -0.6899 -0.5965 0.3411 -0.6870 
-0.2773 -0.4525 -0.0501 0.3506 -0.5202 0.1113 0.4579 0.1493 0.8123 0.4952 0.0425 1.1464 -0.5614 0.0959 0.9397 -0.6494 
-0.3480 -0.2807 -0.1486 0.1654 -0.5019 -0.1652 0.2524 0.0053 0.9972 0.5941 -0.2503 1.0078 -0.5841 -0.2212 0.3882 -0.7865 
-0.1348 -0.8822 -0.8479 0.0510 -0.5685 0.9691 0.4519 0.1485 0.6716 0.6519 -0.4506 0.3678 -0.8165 -0.6003 0.4553 -0.7320 
-0.4065 -1.0898 -0.8314 0.2510 -0.4098 1.0656 0.7315 0.2490 0.9800 0.6088 -0.6657 1.0196 -0.8991 -0.5889 0.4825 -0.6272 
-0.4524 -0.7700 -0.9312 -0.4203 -0.7176 0.6019 0.6007 0.1761 0.7914 0.5091 -0.5356 0.7187 -0.8760 -0.6264 0.2890 -0.4786 
-0.1159 -0.9765 -0.8548 0.8129 -0.4358 0.7284 0.8275 0.3733 0.8884 0.7061 -0.4810 0.8453 -0.6589 -0.1544 0.5021 -0.6122 
-0.0804 -0.7045 -0.2012 1.1922 -0.3043 0.5499 0.3258 -0.0441 0.9440 0.4304 0.0469 0.8433 -0.5133 -0.1799 0.5549 -0.6982 
-0.1390 -0.6788 -0.4886 0.4241 -0.7388 0.6041 0.6238 0.1831 1.0730 0.6158 -0.2417 1.1052 -0.7477 -0.1931 0.7132 -0.7195 
-0.4310 -0.5450 -0.1952 0.1391 -0.5918 0.0481 0.5125 0.2368 0.9660 0.5264 -0.3922 1.0778 -0.4537 -0.1796 0.7470 -0.8204 
-0.3656 -0.7296 -0.3213 0.1527 -0.4217 0.5083 0.6551 0.2074 0.9605 0.6075 -0.2983 0.9228 -0.6610 -0.1990 0.6953 -0.6076 
-0.0892 -0.4943 -0.0028 0.7848 -0.4988 0.2062 0.4277 0.3161 0.7618 0.8068 -0.0704 1.1791 -0.4221 -0.2166 0.4189 -0.6246 
-0.3232 -0.1388 -0.0217 0.6600 -0.4930 -0.1196 0.0330 0.0479 1.0846 0.6192 0.0350 0.9814 -0.5456 0.0922 0.9070 -0.6210 
-0.0846 -0.8481 -0.5778 0.8912 -0.6476 0.5615 0.3183 0.1458 1.0787 0.6095 -0.5469 1.1389 -0.7194 -0.2437 0.5221 -0.7336 
-0.2649 -0.7011 -0.5411 0.0037 -0.5598 0.5145 0.2683 0.1364 0.8807 0.3875 -0.2031 0.9960 -0.5000 -0.2352 0.0853 -0.7339 
-0.2850 -0.7372 -0.3357 0.8293 -0.6306 0.0771 0.5349 0.1673 0.8857 0.6630 -0.1955 1.0584 -0.6075 -0.3136 0.7022 -0.6795 
-0.3228 -0.8246 0.0472 0.3933 -0.5806 0.0635 0.2058 -0.1277 0.9146 0.3510 -0.2383 0.8894 -0.5728 -0.0158 0.4699 -0.8324 
-0.3727 -0.2446 0.0919 0.6044 -0.4952 -0.3854 0.1135 0.0825 0.9775 0.3377 0.0507 1.1327 -0.2519 0.0115 0.8781 -0.8653 
-0.2531 -0.9980 0.2759 0.4084 -0.7339 -0.0605 -0.0371 -0.2556 0.9361 0.0792 0.5097 0.7220 -0.5155 0.0254 0.8619 -0.4295 
-0.4108 -0.5909 0.1058 0.4929 -0.5875 -0.4864 0.3681 0.1388 1.2785 0.4710 -0.3274 1.0028 -0.2759 0.2648 0.5836 -0.5563 
-0.2164 -0.4942 -0.5665 0.2269 -0.5631 -0.1339 -0.2098 -0.2909 0.9957 0.3891 -0.4853 0.8516 -0.7851 -0.3701 0.5837 -0.5951 
-0.2118 -0.3332 -0.0904 0.9160 -0.4462 -0.2825 0.4446 0.1234 0.8265 0.4349 0.0361 1.0385 -0.0709 -0.0527 0.6806 -0.5606 
-0.1498 -0.6355 -0.5294 0.2038 -0.5068 0.5327 0.5390 0.1736 0.9476 0.7882 -0.2459 1.0791 -0.6702 -0.4152 0.5094 -0.6129 
-0.2897 -0.3749 -0.3285 -0.0060 -0.6229 -0.0367 -0.0089 -0.1432 0.7906 -0.0059 -0.3001 0.8045 -0.4556 -0.3208 0.5942 -0.6190 
